neighbors = 
[
[1,11,12],
[0,2,11,12,13],
[1,3,12,13,14],
[2,4,13,14,15],
[3,5,14,15,16],
[4,6,15,16,17],
[5,7,16,17,18],
[6,8,17,18,19],
[7,9,18,19,20],
[8,10,19,20,21],
[9,20,21],
[0,1,12,22,23],
[0,1,2,11,13,22,23,24],
[1,2,3,12,14,23,24,25],
[2,3,4,13,15,24,25,26],
[3,4,5,14,16,25,26,27],
[4,5,6,15,17,26,27,28],
[5,6,7,16,18,27,28,29],
[6,7,8,17,19,28,29,30],
[7,8,9,18,20,29,30,31],
[8,9,10,19,21,30,31,32],
[9,10,20,31,32],
[11,12,23,33,34],
[11,12,13,22,24,33,34,35],
[12,13,14,23,25,34,35,36],
[13,14,15,24,26,35,36,37],
[14,15,16,25,27,36,37,38],
[15,16,17,26,28,37,38,39],
[16,17,18,27,29,38,39,40],
[17,18,19,28,30,39,40,41],
[18,19,20,29,31,40,41,42],
[19,20,21,30,32,41,42,43],
[20,21,31,42,43],
[22,23,34,44,45],
[22,23,24,33,35,44,45,46],
[23,24,25,34,36,45,46,47],
[24,25,26,35,37,46,47,48],
[25,26,27,36,38,47,48,49],
[26,27,28,37,39,48,49,50],
[27,28,29,38,40,49,50,51],
[28,29,30,39,41,50,51,52],
[29,30,31,40,42,51,52,53],
[30,31,32,41,43,52,53,54],
[31,32,42,53,54],
[33,34,45,55,56],
[33,34,35,44,46,55,56,57],
[34,35,36,45,47,56,57,58],
[35,36,37,46,48,57,58,59],
[36,37,38,47,49,58,59,60],
[37,38,39,48,50,59,60,61],
[38,39,40,49,51,60,61,62],
[39,40,41,50,52,61,62,63],
[40,41,42,51,53,62,63,64],
[41,42,43,52,54,63,64,65],
[42,43,53,64,65],
[44,45,56,66,67],
[44,45,46,55,57,66,67,68],
[45,46,47,56,58,67,68,69],
[46,47,48,57,59,68,69,70],
[47,48,49,58,60,69,70,71],
[48,49,50,59,61,70,71,72],
[49,50,51,60,62,71,72,73],
[50,51,52,61,63,72,73,74],
[51,52,53,62,64,73,74,75],
[52,53,54,63,65,74,75,76],
[53,54,64,75,76],
[55,56,67,77,78],
[55,56,57,66,68,77,78,79],
[56,57,58,67,69,78,79,80],
[57,58,59,68,70,79,80,81],
[58,59,60,69,71,80,81,82],
[59,60,61,70,72,81,82,83],
[60,61,62,71,73,82,83,84],
[61,62,63,72,74,83,84,85],
[62,63,64,73,75,84,85,86],
[63,64,65,74,76,85,86,87],
[64,65,75,86,87],
[66,67,78,88,89],
[66,67,68,77,79,88,89,90],
[67,68,69,78,80,89,90,91],
[68,69,70,79,81,90,91,92],
[69,70,71,80,82,91,92,93],
[70,71,72,81,83,92,93,94],
[71,72,73,82,84,93,94,95],
[72,73,74,83,85,94,95,96],
[73,74,75,84,86,95,96,97],
[74,75,76,85,87,96,97,98],
[75,76,86,97,98],
[77,78,89,99,100],
[77,78,79,88,90,99,100,101],
[78,79,80,89,91,100,101,102],
[79,80,81,90,92,101,102,103],
[80,81,82,91,93,102,103,104],
[81,82,83,92,94,103,104,105],
[82,83,84,93,95,104,105,106],
[83,84,85,94,96,105,106,107],
[84,85,86,95,97,106,107,108],
[85,86,87,96,98,107,108,109],
[86,87,97,108,109],
[88,89,100,110,111],
[88,89,90,99,101,110,111,112],
[89,90,91,100,102,111,112,113],
[90,91,92,101,103,112,113,114],
[91,92,93,102,104,113,114,115],
[92,93,94,103,105,114,115,116],
[93,94,95,104,106,115,116,117],
[94,95,96,105,107,116,117,118],
[95,96,97,106,108,117,118,119],
[96,97,98,107,109,118,119,120],
[97,98,108,119,120],
[99,100,111],
[99,100,101,110,112],
[100,101,102,111,113],
[101,102,103,112,114],
[102,103,104,113,115],
[103,104,105,114,116],
[104,105,106,115,117],
[105,106,107,116,118],
[106,107,108,117,119],
[107,108,109,118,120],
[108,109,119]];
